634,57,942,57,942,134,634,134
496,61,611,61,611,130,496,130
1164,178,1315,173,1317,218,1166,223
1320,177,1358,177,1358,219,1320,219
1358,177,1408,177,1408,219,1358,219
146,180,280,180,280,219,146,219
284,180,380,180,380,223,284,223
492,180,573,180,573,219,492,219
380,184,496,184,496,219,380,219
692,184,727,184,727,223,692,223
723,184,842,184,842,223,723,223
865,184,973,184,973,223,865,223
973,184,1108,184,1108,223,973,223
1131,184,1166,184,1166,219,1131,219
577,196,634,196,634,223,577,223
634,192,692,192,692,227,634,227
1327,219,1408,219,1408,253,1327,253
184,223,284,223,284,257,184,257
481,223,527,223,527,257,481,257
673,223,719,223,719,257,673,257
719,223,846,223,846,261,719,261
869,223,985,223,985,261,869,261
1086,219,1178,233,1171,273,1080,259
1213,233,1323,224,1325,253,1216,263
369,230,431,230,431,257,369,257
431,230,481,230,481,257,431,257
523,230,611,230,611,257,523,257
985,227,1089,227,1089,269,985,269
307,230,365,230,365,265,307,265
642,234,673,234,673,257,642,257
1181,234,1200,234,1200,265,1181,265
504,257,611,257,611,296,504,296
1202,265,1345,255,1348,295,1205,306
184,261,246,261,246,296,184,296
273,265,380,265,380,296,273,296
383,266,503,261,504,295,384,300
749,268,825,256,831,294,756,307
873,265,904,265,904,300,873,300
904,261,1023,261,1023,300,904,300
1039,261,1162,261,1162,300,1039,300
615,269,723,269,723,300,615,300
723,265,758,265,758,296,723,296
1350,269,1408,269,1408,292,1350,292
250,273,269,273,269,296,250,296
831,273,869,273,869,300,831,300
1181,273,1200,273,1200,304,1181,304
477,296,561,296,561,334,477,334
1246,300,1408,300,1408,330,1246,330
34,304,119,304,119,334,34,334
161,304,330,304,330,334,161,334
352,304,453,298,455,333,354,340
573,300,642,300,642,334,573,334
642,300,681,300,681,338,642,338
685,302,782,311,780,340,683,331
792,304,915,304,915,334,792,334
915,300,962,300,962,342,915,342
962,300,1054,300,1054,338,962,338
1069,304,1208,304,1208,342,1069,342
1212,304,1235,304,1235,330,1212,330
330,307,354,307,354,342,330,342
119,311,157,311,157,334,119,334
1339,334,1408,334,1408,369,1339,369
196,338,219,338,219,373,196,373
222,336,372,331,374,369,223,373
419,334,500,334,500,369,419,369
542,334,634,334,634,373,542,373
654,333,752,339,749,377,652,370
1123,334,1216,334,1216,373,1123,373
1219,334,1296,334,1296,369,1219,369
26,338,115,338,115,373,26,373
119,338,173,338,173,373,119,373
812,338,919,338,919,373,812,373
973,335,1098,339,1096,377,972,373
373,346,415,346,415,369,373,369
507,346,542,346,542,373,507,373
754,346,808,346,808,373,754,373
923,346,973,346,973,373,923,373
1308,346,1327,346,1327,369,1308,369
1100,350,1119,350,1119,380,1100,380
26,373,130,373,130,411,26,411
400,373,492,373,492,407,400,407
492,373,527,373,527,407,492,407
552,379,625,369,631,407,558,417
634,377,746,377,746,407,634,407
1250,373,1408,373,1408,407,1250,407
128,381,215,375,217,416,131,421
305,381,399,372,403,408,309,417
523,377,558,377,558,407,523,407
761,377,881,377,881,415,761,415
902,381,1042,372,1044,414,905,422
1104,377,1139,377,1139,411,1104,411
219,384,307,384,307,415,219,415
885,384,904,384,904,411,885,411
1042,380,1100,380,1100,411,1042,411
1142,384,1235,384,1235,419,1142,419
123,411,338,411,338,446,123,446
337,414,503,408,505,446,339,452
511,411,569,411,569,446,511,446
715,411,815,411,815,454,715,454
1204,411,1346,411,1346,446,1204,446
29,420,119,414,121,451,31,456
685,419,719,419,719,446,685,446
819,419,896,419,896,450,819,450
900,415,935,415,935,450,900,450
1008,419,1042,419,1042,446,1008,446
1354,419,1408,419,1408,450,1354,450
573,423,646,423,646,446,573,446
650,423,681,423,681,446,650,446
946,423,1008,423,1008,450,946,450
1046,423,1123,423,1123,450,1046,450
1127,423,1189,423,1189,450,1127,450
1195,451,1346,444,1348,484,1197,491
1373,450,1408,450,1408,481,1373,481
72,457,276,450,277,484,73,492
280,454,319,454,319,484,280,484
404,454,450,454,450,484,404,484
454,454,519,454,519,484,454,484
558,450,615,450,615,484,558,484
615,450,746,450,746,484,615,484
765,450,815,450,815,484,765,484
815,450,958,450,958,484,815,484
30,454,65,454,65,484,30,484
323,457,400,457,400,484,323,484
523,457,561,457,561,484,523,484
962,457,992,457,992,484,962,484
989,453,1128,458,1127,499,987,494
1158,461,1196,461,1196,488,1158,488
392,484,546,484,546,523,392,523
546,484,596,484,596,523,546,523
596,483,716,488,715,528,595,523
1323,484,1408,484,1408,519,1323,519
34,492,134,492,134,523,34,523
130,488,188,488,188,523,130,523
242,488,319,488,319,523,242,523
330,488,392,488,392,523,330,523
862,488,1081,488,1081,531,862,531
1135,492,1262,492,1262,523,1135,523
184,492,242,492,242,527,184,527
719,496,777,496,777,523,719,523
785,496,862,496,862,523,785,523
1081,496,1131,496,1131,523,1081,523
1262,492,1320,492,1320,527,1262,527
180,527,311,527,311,561,180,561
314,529,453,524,454,557,315,562
515,527,561,527,561,558,515,558
654,526,755,531,753,562,653,557
754,523,804,523,804,561,754,561
32,534,103,528,105,561,35,566
977,527,1023,527,1023,561,977,561
1026,538,1180,527,1183,563,1028,574
1316,531,1393,531,1393,558,1316,558
130,534,177,534,177,561,130,561
473,534,492,534,492,565,473,565
565,534,631,534,631,558,565,558
808,534,919,534,919,565,808,565
923,534,977,534,977,565,923,565
1208,534,1312,534,1312,565,1208,565
107,538,126,538,126,561,107,561
30,558,134,558,134,600,30,600
627,558,681,558,681,596,627,596
134,561,184,561,184,600,134,600
184,561,330,561,330,600,184,600
371,565,557,556,559,596,373,605
581,561,627,561,627,596,581,596
704,561,777,561,777,596,704,596
946,561,1146,561,1146,600,946,600
1184,570,1323,564,1324,596,1185,602
1150,569,1177,569,1177,600,1150,600
1327,569,1381,569,1381,600,1327,600
350,573,369,573,369,604,350,604
685,573,704,573,704,596,685,596
781,573,838,573,838,596,781,596
842,573,869,573,869,596,842,596
873,569,927,569,927,604,873,604
1219,596,1320,596,1320,634,1219,634
207,604,304,604,304,634,207,634
346,604,446,604,446,634,346,634
450,600,538,600,538,634,450,634
538,600,719,600,719,642,538,642
769,604,904,604,904,634,769,634
1039,604,1181,604,1181,634,1039,634
1323,604,1412,604,1412,631,1323,631
30,604,111,604,111,638,30,638
307,608,338,608,338,634,307,634
727,608,769,608,769,634,727,634
115,611,134,611,134,634,115,634
134,611,200,611,200,642,134,642
908,611,973,611,973,638,908,638
981,611,1035,611,1035,638,981,638
1185,611,1219,611,1219,634,1185,634
485,632,628,637,627,674,484,669
1239,633,1306,639,1303,675,1236,669
1366,638,1408,638,1408,669,1366,669
146,642,227,642,227,677,146,677
227,638,280,638,280,673,227,673
277,638,388,638,388,673,277,673
450,638,481,638,481,669,450,669
627,638,669,638,669,673,627,673
785,638,819,638,819,673,785,673
819,638,919,638,919,673,819,673
1045,642,1196,633,1198,673,1047,682
111,646,150,646,150,673,111,673
392,646,450,646,450,669,392,669
669,642,788,642,788,681,669,681
926,649,1045,644,1047,677,927,682
1308,646,1362,646,1362,673,1308,673
34,646,107,646,107,685,34,685
1204,650,1239,650,1239,673,1204,673
275,682,380,676,382,708,277,715
384,673,423,673,423,708,384,708
469,673,569,673,569,708,469,708
735,677,862,677,862,711,735,711
862,677,954,677,954,711,862,711
1296,677,1408,677,1408,708,1296,708
38,681,119,681,119,711,38,711
196,677,273,677,273,711,196,711
423,677,469,677,469,708,423,708
669,681,727,681,727,708,669,708
1051,673,1149,685,1145,723,1046,711
1150,680,1274,685,1273,715,1149,711
596,685,661,685,661,715,596,715
962,685,1015,685,1015,711,962,711
134,688,188,688,188,719,134,719
222,715,415,709,416,746,223,753
419,711,457,711,457,746,419,746
466,712,609,721,607,755,464,746
608,709,702,715,700,752,606,746
731,715,831,715,831,746,731,746
1154,715,1309,720,1307,755,1153,750
1312,715,1343,715,1343,746,1312,746
34,715,103,715,103,750,34,750
103,715,223,715,223,750,103,750
835,719,881,719,881,746,835,746
883,722,980,717,982,750,885,755
981,719,1012,719,1012,746,981,746
1012,719,1146,719,1146,750,1012,750
1346,719,1408,719,1408,746,1346,746
704,723,727,723,727,754,704,754
323,746,407,746,407,785,323,785
415,746,488,746,488,785,415,785
587,747,652,758,646,794,581,783
1258,746,1377,746,1377,785,1258,785
96,750,211,750,211,788,96,788
265,750,319,750,319,785,265,785
519,750,588,750,588,788,519,788
704,750,823,750,823,785,704,785
873,749,986,754,984,790,871,784
1062,748,1127,755,1123,794,1058,788
1377,754,1408,754,1408,781,1377,781
496,758,511,758,511,781,496,781
673,754,704,754,704,785,673,785
827,758,873,758,873,785,827,785
981,754,1023,754,1023,788,981,788
1023,754,1058,754,1058,788,1023,788
1200,754,1258,754,1258,785,1200,785
34,758,80,758,80,796,34,796
230,761,265,761,265,788,230,788
650,761,669,761,669,792,650,792
1166,761,1204,761,1204,788,1166,788
1139,765,1158,765,1158,792,1139,792
462,788,651,797,649,831,460,822
1260,796,1407,782,1410,819,1263,832
315,792,400,792,400,823,315,823
400,788,454,788,454,823,400,823
758,792,815,792,815,823,758,823
1046,790,1186,794,1185,828,1045,823
38,796,142,796,142,827,38,827
146,792,219,792,219,827,146,827
215,796,257,796,257,823,215,823
261,796,307,796,307,823,261,823
819,796,989,796,989,823,819,823
992,796,1039,796,1039,823,992,823
1190,800,1257,795,1260,826,1193,832
685,800,704,800,704,827,685,827
715,800,754,800,754,823,715,823
236,837,357,826,360,859,239,870
423,825,509,830,507,862,422,858
754,823,869,823,869,865,754,865
1304,822,1413,827,1411,864,1303,858
38,827,115,827,115,869,38,869
157,827,234,827,234,862,157,862
515,831,654,831,654,862,515,862
715,827,750,827,750,858,715,858
923,827,1042,827,1042,862,923,862
1062,831,1150,831,1150,862,1062,862
1150,831,1208,831,1208,862,1150,862
1269,827,1304,827,1304,858,1269,858
115,831,153,831,153,865,115,865
380,831,423,831,423,865,380,865
658,831,715,831,715,862,658,862
1216,835,1269,835,1269,862,1216,862
892,838,915,838,915,869,892,869
354,865,450,865,450,896,354,896
492,865,546,865,546,896,492,896
669,865,792,865,792,900,669,900
865,865,950,865,950,900,865,900
1381,865,1412,865,1412,892,1381,892
29,872,113,861,118,900,35,911
307,869,350,869,350,896,307,896
119,873,261,873,261,900,119,900
265,873,304,873,304,900,265,900
469,873,488,873,488,900,469,900
550,873,584,873,584,904,550,904
592,873,665,873,665,904,592,904
800,873,865,873,865,904,800,904
950,869,981,869,981,900,950,900
985,870,1090,877,1087,911,983,904
1090,876,1211,867,1213,900,1093,909
1250,873,1320,873,1320,904,1250,904
1323,873,1377,873,1377,904,1323,904
1223,877,1243,877,1243,904,1223,904
169,900,284,900,284,939,169,939
608,900,665,900,665,935,608,935
673,904,812,904,812,939,673,939
1308,900,1354,900,1354,935,1308,935
34,904,126,904,126,939,34,939
292,904,330,904,330,935,292,935
812,908,850,908,850,935,812,935
854,908,965,908,965,939,854,939
1042,908,1092,908,1092,939,1042,939
1219,908,1304,908,1304,935,1219,935
126,908,165,908,165,939,126,939
338,912,392,912,392,942,338,942
396,912,481,912,481,942,396,942
488,912,534,912,534,935,488,935
534,912,611,912,611,935,534,935
1008,912,1035,912,1035,939,1008,939
1096,912,1216,912,1216,946,1096,946
1358,912,1408,912,1408,931,1358,931
981,915,1000,915,1000,942,981,942
237,937,388,931,389,973,238,979
434,935,504,935,504,973,434,973
1313,939,1411,932,1414,969,1316,975
146,939,219,939,219,977,146,977
504,939,542,939,542,973,504,973
602,944,715,939,716,973,604,978
719,939,862,939,862,981,719,981
904,940,994,945,992,978,903,973
1054,942,1081,942,1081,973,1054,973
1123,939,1223,939,1223,973,1123,973
542,946,600,946,600,977,542,977
869,946,900,946,900,973,869,973
1085,946,1123,946,1123,973,1085,973
1269,946,1312,946,1312,973,1269,973
38,950,138,950,138,977,38,977
396,950,434,950,434,977,396,977
991,954,1050,949,1052,978,993,983
1227,950,1266,950,1266,973,1227,973
1323,973,1408,973,1408,1012,1323,1012
311,981,384,981,384,1008,311,1008
515,977,565,977,565,1012,515,1012
627,977,685,977,685,1012,627,1012
685,977,777,977,777,1012,685,1012
777,977,965,977,965,1012,777,1012
965,977,1100,977,1100,1019,965,1019
1150,977,1300,977,1300,1012,1150,1012
30,980,151,985,149,1026,29,1021
253,985,311,985,311,1012,253,1012
384,985,457,985,457,1012,384,1012
461,985,515,985,515,1012,461,1012
565,981,627,981,627,1015,565,1015
1300,985,1316,985,1316,1008,1300,1008
173,989,188,989,188,1012,173,1012
200,989,250,989,250,1019,200,1019
1123,989,1142,989,1142,1019,1123,1019
731,1012,777,1012,777,1050,731,1050
280,1019,342,1019,342,1046,280,1046
342,1015,419,1015,419,1050,342,1050
419,1015,542,1015,542,1050,419,1050
600,1015,692,1015,692,1050,600,1050
692,1015,731,1015,731,1050,692,1050
777,1018,924,1023,923,1057,776,1051
923,1015,977,1015,977,1050,923,1050
1035,1015,1127,1015,1127,1050,1035,1050
1150,1015,1246,1015,1246,1050,1150,1050
1249,1021,1358,1016,1359,1046,1251,1051
1362,1019,1412,1019,1412,1046,1362,1046
153,1023,253,1023,253,1050,153,1050
542,1019,600,1019,600,1058,542,1058
1131,1023,1146,1023,1146,1046,1131,1046
38,1027,100,1027,100,1054,38,1054
107,1027,150,1027,150,1050,107,1050
977,1027,1031,1027,1031,1054,977,1054
665,1050,777,1050,777,1085,665,1085
1131,1050,1281,1050,1281,1092,1131,1092
38,1055,189,1059,188,1093,37,1089
188,1054,280,1054,280,1089,188,1089
288,1058,365,1058,365,1089,288,1089
365,1055,581,1060,580,1090,365,1085
777,1054,812,1054,812,1085,777,1085
815,1058,927,1058,927,1089,815,1089
927,1054,969,1054,969,1089,927,1089
1089,1054,1131,1054,1131,1089,1089,1089
1285,1055,1367,1061,1365,1090,1283,1084
1370,1058,1412,1058,1412,1085,1370,1085
604,1058,661,1058,661,1092,604,1092
969,1062,1000,1062,1000,1089,969,1089
1004,1062,1085,1062,1085,1089,1004,1089
300,1089,454,1089,454,1123,300,1123
454,1089,492,1089,492,1123,454,1123
496,1092,650,1092,650,1127,496,1127
650,1089,808,1089,808,1123,650,1123
850,1089,892,1089,892,1123,850,1123
34,1092,115,1092,115,1127,34,1127
892,1092,935,1092,935,1127,892,1127
939,1096,981,1096,981,1127,939,1127
1073,1096,1169,1096,1169,1127,1073,1127
1219,1096,1335,1096,1335,1127,1219,1127
1343,1101,1411,1093,1415,1124,1347,1133
115,1100,146,1100,146,1127,115,1127
153,1100,300,1100,300,1127,153,1127
985,1100,1069,1100,1069,1127,985,1127
1193,1104,1216,1104,1216,1131,1193,1131
438,1131,588,1131,588,1162,438,1162
631,1127,704,1127,704,1162,631,1162
943,1129,1101,1133,1100,1167,942,1162
38,1135,165,1135,165,1166,38,1166
169,1135,265,1135,265,1162,169,1162
270,1131,359,1136,357,1166,268,1161
361,1135,438,1135,438,1162,361,1162
700,1131,792,1131,792,1169,700,1169
1243,1131,1354,1131,1354,1169,1243,1169
1358,1135,1416,1135,1416,1162,1358,1162
592,1139,631,1139,631,1162,592,1162
823,1139,877,1139,877,1162,823,1162
885,1139,939,1139,939,1162,885,1162
1104,1139,1185,1139,1185,1169,1104,1169
1204,1139,1243,1139,1243,1162,1204,1162
711,1146,827,1146,827,1200,711,1200
255,1167,340,1177,336,1212,251,1202
396,1166,465,1166,465,1204,396,1204
969,1166,1019,1166,1019,1200,969,1200
1142,1166,1254,1166,1254,1200,1142,1200
111,1173,211,1173,211,1204,111,1204
211,1169,250,1169,250,1200,211,1200
339,1178,395,1172,399,1203,343,1210
512,1170,598,1175,596,1205,510,1200
642,1169,711,1169,711,1200,642,1200
1023,1173,1092,1173,1092,1204,1023,1204
1269,1173,1343,1173,1343,1200,1269,1200
1346,1173,1408,1173,1408,1196,1346,1196
38,1177,107,1177,107,1204,38,1204
484,1177,504,1177,504,1200,484,1200
604,1177,638,1177,638,1200,604,1200
854,1177,908,1177,908,1208,854,1208
912,1177,965,1177,965,1200,912,1200
1112,1177,1131,1177,1131,1208,1112,1208
1308,1196,1408,1196,1408,1235,1308,1235
150,1204,365,1204,365,1246,150,1246
442,1208,592,1208,592,1239,442,1239
658,1208,688,1208,688,1239,658,1239
766,1206,874,1210,873,1243,765,1238
958,1208,1004,1208,1004,1239,958,1239
1254,1208,1308,1208,1308,1235,1254,1235
107,1208,146,1208,146,1239,107,1239
369,1212,438,1212,438,1243,369,1243
596,1212,650,1212,650,1239,596,1239
692,1212,765,1212,765,1239,692,1239
904,1212,958,1212,958,1239,904,1239
1008,1212,1150,1212,1150,1243,1008,1243
1154,1212,1239,1212,1239,1239,1154,1239
1239,1212,1254,1212,1254,1235,1239,1235
38,1216,103,1216,103,1243,38,1243
877,1216,892,1216,892,1243,877,1243
357,1239,407,1239,407,1273,357,1273
411,1243,554,1243,554,1281,411,1281
558,1239,654,1239,654,1277,558,1277
788,1239,873,1239,873,1277,788,1277
1196,1239,1316,1239,1316,1277,1196,1277
105,1244,202,1255,198,1291,101,1280
654,1243,750,1243,750,1277,654,1277
754,1246,785,1246,785,1273,754,1273
873,1243,946,1243,946,1277,873,1277
942,1243,1027,1243,1027,1277,942,1277
1077,1246,1108,1246,1108,1277,1077,1277
1358,1246,1416,1246,1416,1273,1358,1273
227,1250,253,1250,253,1277,227,1277
258,1254,353,1245,356,1273,261,1283
1035,1250,1069,1250,1069,1277,1035,1277
1112,1250,1196,1250,1196,1277,1112,1277
1316,1250,1354,1250,1354,1273,1316,1273
42,1254,100,1254,100,1277,42,1277
319,1277,361,1277,361,1312,319,1312
360,1287,479,1277,482,1311,362,1321
1162,1277,1200,1277,1200,1312,1162,1312
1339,1281,1416,1281,1416,1312,1339,1312
38,1285,115,1285,115,1316,38,1316
111,1281,177,1281,177,1316,111,1316
269,1285,319,1285,319,1312,269,1312
477,1280,563,1285,561,1323,475,1317
604,1285,704,1285,704,1312,604,1312
704,1285,827,1285,827,1320,704,1320
827,1281,862,1281,862,1316,827,1316
860,1289,930,1284,933,1315,863,1321
935,1285,958,1285,958,1316,935,1316
958,1285,1035,1285,1035,1316,958,1316
1089,1281,1162,1281,1162,1316,1089,1316
1200,1281,1246,1281,1246,1312,1200,1312
1254,1285,1335,1285,1335,1312,1254,1312
207,1289,269,1289,269,1316,207,1316
584,1289,604,1289,604,1320,584,1320
173,1293,200,1293,200,1320,173,1320
1039,1293,1089,1293,1089,1323,1039,1323
438,1312,534,1312,534,1350,438,1350
534,1316,577,1316,577,1350,534,1350
673,1316,800,1316,800,1350,673,1350
827,1320,900,1320,900,1350,827,1350
908,1316,942,1316,942,1350,908,1350
1080,1325,1223,1318,1224,1350,1081,1357
73,1321,178,1326,177,1358,72,1354
300,1323,392,1323,392,1350,300,1350
950,1323,996,1323,996,1354,950,1354
1000,1323,1035,1323,1035,1350,1000,1350
1039,1323,1073,1323,1073,1350,1039,1350
1266,1323,1412,1323,1412,1350,1266,1350
42,1327,69,1327,69,1354,42,1354
184,1327,238,1327,238,1354,184,1354
242,1327,296,1327,296,1354,242,1354
577,1327,634,1327,634,1358,577,1358
638,1327,673,1327,673,1350,638,1350
804,1327,823,1327,823,1350,804,1350
1223,1327,1258,1327,1258,1350,1223,1350
392,1332,543,1355,535,1411,384,1387
600,1350,708,1350,708,1389,600,1389
34,1354,92,1354,92,1393,34,1393
130,1354,253,1354,253,1389,130,1389
315,1354,388,1354,388,1389,315,1389
542,1354,596,1354,596,1389,542,1389
708,1354,750,1354,750,1389,708,1389
746,1354,781,1354,781,1389,746,1389
782,1353,887,1361,884,1401,778,1392
896,1354,1050,1354,1050,1389,896,1389
1089,1354,1200,1354,1200,1389,1089,1389
1266,1358,1416,1358,1416,1389,1266,1389
92,1362,130,1362,130,1389,92,1389
257,1362,315,1362,315,1389,257,1389
1208,1362,1262,1362,1262,1389,1208,1389
1069,1366,1085,1366,1085,1389,1069,1389
270,1401,317,1394,321,1422,275,1430
450,1396,500,1396,500,1427,450,1427
554,1393,642,1393,642,1427,554,1427
746,1393,823,1393,823,1427,746,1427
819,1393,854,1393,854,1427,819,1427
852,1395,961,1390,963,1427,854,1432
965,1393,1066,1393,1066,1427,965,1427
1112,1392,1232,1397,1230,1438,1110,1433
1235,1395,1413,1400,1412,1434,1234,1429
42,1400,126,1400,126,1431,42,1431
201,1404,268,1398,271,1427,204,1433
346,1400,361,1400,361,1427,346,1427
377,1396,446,1396,446,1431,377,1431
496,1396,558,1396,558,1431,496,1431
646,1400,719,1400,719,1431,646,1431
1069,1400,1112,1400,1112,1427,1069,1427
142,1404,200,1404,200,1435,142,1435
289,1429,417,1438,415,1471,287,1462
439,1426,575,1433,573,1472,437,1465
708,1426,806,1432,803,1468,706,1462
985,1427,1119,1427,1119,1466,985,1466
1200,1425,1340,1430,1339,1466,1199,1462
1339,1427,1381,1427,1381,1462,1339,1462
1381,1431,1416,1431,1416,1462,1381,1462
42,1432,159,1437,157,1470,41,1466
159,1424,268,1437,264,1478,154,1465
661,1435,708,1435,708,1462,661,1462
804,1431,931,1431,931,1473,804,1473
946,1431,981,1431,981,1466,946,1466
1166,1435,1196,1435,1196,1462,1166,1462
604,1439,658,1439,658,1466,604,1466
411,1443,434,1443,434,1470,411,1470
577,1443,596,1443,596,1470,577,1470
1139,1443,1162,1443,1162,1470,1139,1470
215,1466,369,1466,369,1504,215,1504
369,1466,488,1466,488,1508,369,1508
510,1476,661,1468,663,1500,512,1509
665,1466,704,1466,704,1500,665,1500
1270,1466,1418,1474,1416,1509,1268,1500
100,1470,207,1470,207,1504,100,1504
765,1473,869,1473,869,1504,765,1504
869,1470,912,1470,912,1504,869,1504
912,1473,958,1473,958,1504,912,1504
1015,1473,1073,1473,1073,1504,1015,1504
1073,1473,1189,1473,1189,1504,1073,1504
1193,1473,1216,1473,1216,1500,1193,1500
1216,1473,1262,1473,1262,1500,1216,1500
708,1477,761,1477,761,1500,708,1500
958,1477,1015,1477,1015,1508,958,1508
42,1477,100,1477,100,1512,42,1512
138,1504,277,1504,277,1547,138,1547
277,1504,404,1504,404,1539,277,1539
424,1508,529,1498,533,1538,428,1548
558,1504,677,1504,677,1547,558,1547
685,1504,731,1504,731,1539,685,1539
729,1506,853,1501,855,1539,731,1544
862,1504,900,1504,900,1539,862,1539
896,1504,939,1504,939,1543,896,1543
939,1504,1054,1504,1054,1543,939,1543
1081,1508,1193,1508,1193,1547,1081,1547
1196,1508,1269,1508,1269,1539,1196,1539
1273,1512,1350,1512,1350,1539,1273,1539
47,1520,106,1514,109,1543,50,1549
103,1512,138,1512,138,1543,103,1543
407,1516,427,1516,427,1539,407,1539
534,1516,554,1516,554,1539,534,1539
1058,1516,1073,1516,1073,1543,1058,1543
1358,1516,1416,1516,1416,1539,1358,1539
677,1539,777,1539,777,1577,677,1577
1273,1538,1417,1542,1416,1582,1272,1577
130,1543,169,1543,169,1577,130,1577
288,1543,327,1543,327,1577,288,1577
550,1547,673,1547,673,1577,550,1577
788,1543,846,1543,846,1577,788,1577
973,1543,1116,1543,1116,1577,973,1577
1142,1543,1219,1543,1219,1577,1142,1577
1219,1543,1269,1543,1269,1577,1219,1577
50,1550,130,1550,130,1581,50,1581
173,1550,288,1550,288,1589,173,1589
327,1547,377,1547,377,1577,327,1577
373,1547,473,1547,473,1581,373,1581
473,1547,542,1547,542,1577,473,1577
842,1550,865,1550,865,1589,842,1589
939,1550,969,1550,969,1577,939,1577
873,1554,939,1554,939,1589,873,1589
258,1579,382,1583,380,1620,257,1616
438,1581,461,1581,461,1616,438,1616
588,1577,685,1577,685,1616,588,1616
743,1575,850,1586,846,1626,739,1615
1122,1580,1250,1575,1251,1615,1123,1620
1313,1578,1419,1587,1416,1621,1310,1612
100,1581,196,1581,196,1616,100,1616
203,1581,253,1581,253,1616,203,1616
380,1581,431,1581,431,1616,380,1616
458,1579,544,1585,542,1621,455,1616
538,1581,588,1581,588,1616,538,1616
688,1581,738,1581,738,1616,688,1616
843,1580,979,1589,976,1625,841,1616
973,1587,1123,1583,1124,1616,974,1620
1254,1585,1308,1585,1308,1616,1254,1616
46,1589,96,1589,96,1620,46,1620
646,1616,838,1616,838,1654,646,1654
73,1624,173,1624,173,1654,73,1654
200,1622,261,1630,257,1660,196,1652
261,1620,338,1620,338,1650,261,1650
446,1624,496,1624,496,1654,446,1654
561,1624,600,1624,600,1654,561,1654
600,1620,650,1620,650,1654,600,1654
939,1624,1150,1624,1150,1654,939,1654
1212,1620,1243,1620,1243,1650,1212,1650
1250,1624,1304,1624,1304,1650,1250,1650
1312,1624,1346,1624,1346,1650,1312,1650
1350,1624,1416,1624,1416,1650,1350,1650
177,1627,192,1627,192,1650,177,1650
342,1627,396,1627,396,1658,342,1658
396,1624,442,1624,442,1654,396,1654
489,1632,559,1620,565,1653,494,1665
877,1627,935,1627,935,1654,877,1654
1166,1627,1212,1627,1212,1654,1166,1654
46,1631,69,1631,69,1662,46,1662
854,1631,873,1631,873,1658,854,1658
367,1655,437,1662,434,1695,363,1688
692,1654,735,1654,735,1693,692,1693
781,1653,876,1661,873,1698,778,1690
973,1654,1135,1654,1135,1693,973,1693
1131,1654,1200,1654,1200,1693,1131,1693
1293,1653,1382,1659,1380,1700,1290,1695
1377,1654,1416,1654,1416,1689,1377,1689
138,1658,277,1658,277,1693,138,1693
288,1663,360,1654,365,1689,292,1699
438,1662,554,1662,554,1693,438,1693
592,1658,692,1658,692,1693,592,1693
731,1658,781,1658,781,1689,731,1689
904,1658,973,1658,973,1693,904,1693
1204,1662,1258,1662,1258,1689,1204,1689
1262,1662,1293,1662,1293,1689,1262,1689
100,1666,138,1666,138,1693,100,1693
554,1666,592,1666,592,1693,554,1693
46,1670,96,1670,96,1693,46,1693
881,1670,904,1670,904,1697,881,1697
87,1697,226,1691,228,1735,89,1741
280,1697,369,1697,369,1727,280,1727
366,1698,471,1688,475,1727,369,1737
558,1693,596,1693,596,1727,558,1727
600,1697,735,1697,735,1727,600,1727
773,1693,850,1693,850,1731,773,1731
896,1697,1023,1697,1023,1731,896,1731
1189,1697,1331,1697,1331,1727,1189,1727
42,1697,92,1697,92,1731,42,1731
500,1701,554,1701,554,1727,500,1727
735,1697,777,1697,777,1727,735,1727
1035,1699,1124,1705,1122,1741,1033,1736
1327,1701,1377,1701,1377,1727,1327,1727
854,1704,892,1704,892,1731,854,1731
1377,1704,1416,1704,1416,1727,1377,1727
407,1735,546,1735,546,1766,407,1766
546,1731,642,1731,642,1766,546,1766
666,1730,755,1735,753,1781,663,1776
754,1731,792,1731,792,1770,754,1770
951,1739,1099,1728,1102,1768,954,1779
1100,1731,1173,1731,1173,1770,1100,1770
1219,1731,1316,1731,1316,1766,1219,1766
1320,1729,1418,1737,1415,1778,1317,1770
42,1735,184,1735,184,1770,42,1770
184,1735,342,1735,342,1770,184,1770
788,1735,850,1735,850,1777,788,1777
885,1735,958,1735,958,1770,885,1770
1181,1739,1212,1739,1212,1766,1181,1766
377,1740,395,1744,388,1772,370,1768
858,1743,877,1743,877,1770,858,1770
46,1774,142,1774,142,1812,46,1812
534,1847,696,1847,696,1904,534,1904
319,1851,427,1851,427,1904,319,1904
778,1861,1019,1849,1022,1918,782,1930
507,1858,523,1858,523,1897,507,1897
696,1854,785,1854,785,1904,696,1904
419,1858,507,1858,507,1901,419,1901
623,1908,731,1908,731,1962,623,1962
311,1912,384,1912,384,1966,311,1966
523,1912,634,1912,634,1966,523,1966
723,1912,808,1912,808,1978,723,1978
803,1917,1065,1909,1066,1962,804,1970
373,1916,527,1916,527,1974,373,1974
620,2023,744,2028,742,2077,618,2071
146,2028,304,2028,304,2070,146,2070
577,2028,615,2028,615,2070,577,2070
1073,2031,1100,2031,1100,2066,1073,2066
1100,2028,1193,2028,1193,2066,1100,2066
1196,2028,1273,2028,1273,2066,1196,2066
100,2031,146,2031,146,2070,100,2070
300,2031,338,2031,338,2066,300,2066
338,2031,392,2031,392,2066,338,2066
388,2031,519,2031,519,2074,388,2074
804,2036,899,2027,903,2070,808,2079
900,2031,985,2031,985,2070,900,2070
1269,2031,1346,2031,1346,2066,1269,2066
746,2039,765,2039,765,2070,746,2070
985,2035,1066,2035,1066,2074,985,2074
523,2043,569,2043,569,2066,523,2066
765,2039,808,2039,808,2070,765,2070
1381,2043,1420,2043,1420,2066,1381,2066
50,2071,141,2083,137,2115,46,2104
293,2080,414,2070,417,2104,296,2114
608,2067,698,2072,696,2109,606,2105
823,2070,862,2070,862,2105,823,2105
862,2070,962,2070,962,2105,862,2105
989,2074,1031,2074,1031,2105,989,2105
1035,2074,1142,2074,1142,2105,1035,2105
1200,2074,1262,2074,1262,2105,1200,2105
1262,2070,1300,2070,1300,2105,1262,2105
1300,2070,1350,2070,1350,2105,1300,2105
203,2078,288,2078,288,2108,203,2108
700,2082,757,2076,761,2108,704,2114
761,2078,823,2078,823,2105,761,2105
423,2082,577,2082,577,2105,423,2105
577,2082,608,2082,608,2105,577,2105
962,2082,981,2082,981,2105,962,2105
1169,2082,1189,2082,1189,2108,1169,2108
1354,2082,1420,2082,1420,2112,1354,2112
142,2085,200,2085,200,2112,142,2112
42,2108,111,2108,111,2151,42,2151
358,2111,463,2119,460,2151,356,2143
463,2102,572,2115,568,2155,458,2142
627,2108,742,2108,742,2143,627,2143
869,2108,923,2108,923,2143,869,2143
919,2108,1035,2108,1035,2143,919,2143
1039,2108,1158,2108,1158,2147,1039,2147
1214,2112,1315,2106,1317,2143,1216,2148
115,2116,230,2116,230,2147,115,2147
323,2116,354,2116,354,2143,323,2143
755,2120,823,2115,825,2146,758,2152
827,2116,869,2116,869,2147,827,2147
1158,2112,1216,2112,1216,2147,1158,2147
1373,2116,1420,2116,1420,2143,1373,2143
230,2120,261,2120,261,2147,230,2147
284,2120,319,2120,319,2143,284,2143
600,2120,615,2120,615,2143,600,2143
1103,2147,1269,2140,1271,2181,1104,2188
46,2151,115,2151,115,2182,46,2182
519,2151,588,2151,588,2182,519,2182
654,2147,761,2147,761,2182,654,2182
761,2147,800,2147,800,2182,761,2182
856,2148,980,2144,981,2182,858,2186
985,2149,1072,2159,1067,2195,981,2185
1073,2151,1104,2151,1104,2178,1073,2178
1273,2151,1308,2151,1308,2178,1273,2178
1307,2154,1419,2149,1420,2177,1308,2182
277,2155,334,2155,334,2182,277,2182
334,2151,392,2151,392,2185,334,2185
396,2155,423,2155,423,2178,396,2178
431,2155,504,2155,504,2182,431,2182
592,2155,650,2155,650,2182,592,2182
115,2158,134,2158,134,2182,115,2182
138,2158,177,2158,177,2185,138,2185
182,2161,269,2155,271,2184,184,2190
804,2158,858,2158,858,2185,804,2185
700,2182,777,2182,777,2220,700,2220
973,2182,1035,2182,1035,2220,973,2220
38,2185,111,2185,111,2220,38,2220
111,2189,146,2189,146,2220,111,2220
238,2189,338,2189,338,2220,238,2220
346,2189,384,2189,384,2220,346,2220
444,2193,534,2187,536,2220,446,2225
777,2185,815,2185,815,2220,777,2220
815,2185,915,2185,915,2220,815,2220
939,2185,973,2185,973,2220,939,2220
1223,2189,1254,2189,1254,2216,1223,2216
1254,2185,1312,2185,1312,2224,1254,2224
1316,2189,1420,2189,1420,2220,1316,2220
203,2193,238,2193,238,2220,203,2220
380,2189,442,2189,442,2224,380,2224
534,2189,623,2189,623,2224,534,2224
642,2193,704,2193,704,2224,642,2224
1039,2193,1181,2193,1181,2224,1039,2224
146,2197,200,2197,200,2228,146,2228
1196,2197,1219,2197,1219,2220,1196,2220
631,2220,688,2220,688,2255,631,2255
42,2220,134,2220,134,2259,42,2259
862,2224,965,2224,965,2255,862,2255
1148,2213,1273,2228,1268,2269,1143,2254
1293,2220,1412,2220,1412,2255,1293,2255
134,2224,288,2224,288,2259,134,2259
519,2228,565,2228,565,2259,519,2259
758,2228,858,2228,858,2262,758,2262
969,2224,1008,2224,1008,2259,969,2259
1008,2224,1039,2224,1039,2255,1008,2255
1046,2227,1144,2232,1142,2268,1045,2264
290,2235,353,2228,356,2254,293,2261
357,2232,454,2232,454,2262,357,2262
569,2232,627,2232,627,2262,569,2262
688,2232,754,2232,754,2259,688,2259
1269,2232,1293,2232,1293,2262,1269,2262
488,2235,507,2235,507,2262,488,2262
454,2262,523,2262,523,2293,454,2293
965,2259,1019,2259,1019,2293,965,2293
1112,2262,1204,2262,1204,2293,1112,2293
1346,2262,1423,2262,1423,2293,1346,2293
38,2262,250,2262,250,2305,38,2305
257,2266,323,2266,323,2297,257,2297
688,2266,719,2266,719,2293,688,2293
723,2265,824,2270,823,2303,721,2299
842,2262,962,2262,962,2301,842,2301
1023,2266,1108,2266,1108,2297,1023,2297
1269,2266,1316,2266,1316,2293,1269,2293
330,2270,384,2270,384,2293,330,2293
392,2270,450,2270,450,2293,392,2293
523,2270,600,2270,600,2293,523,2293
600,2270,642,2270,642,2293,600,2293
646,2270,685,2270,685,2293,646,2293
1208,2270,1273,2270,1273,2301,1208,2301
1185,2293,1235,2293,1235,2332,1185,2332
1285,2297,1423,2297,1423,2332,1285,2332
385,2295,475,2303,472,2339,382,2331
519,2297,577,2297,577,2332,519,2332
673,2297,711,2297,711,2332,673,2332
715,2297,769,2297,769,2332,715,2332
773,2301,881,2301,881,2332,773,2332
904,2301,950,2301,950,2336,904,2336
1235,2297,1277,2297,1277,2332,1235,2332
80,2301,203,2301,203,2343,80,2343
350,2301,384,2301,384,2332,350,2332
581,2305,677,2305,677,2332,581,2332
952,2307,1061,2301,1063,2334,954,2340
1104,2305,1173,2305,1173,2332,1104,2332
38,2305,84,2305,84,2339,38,2339
204,2313,295,2304,298,2336,208,2345
296,2309,350,2309,350,2343,296,2343
1062,2309,1100,2309,1100,2332,1062,2332
1377,2336,1427,2336,1427,2370,1377,2370
