251,43,940,43,940,134,251,134
992,47,1821,47,1821,134,992,134
34,91,182,91,182,164,34,164
1155,156,1360,150,1363,229,1158,235
633,151,823,151,823,238,633,238
823,151,1136,151,1136,234,823,234
1367,177,1818,150,1823,233,1372,260
188,175,553,163,556,242,191,254
43,199,143,199,143,247,43,247
1169,265,1543,259,1544,333,1170,339
536,279,1143,263,1145,346,538,363
38,277,423,256,428,345,43,366
424,268,528,268,528,346,424,346
1578,277,1656,277,1656,338,1578,338
1674,279,1819,287,1815,361,1670,354
839,350,1157,378,1148,478,830,450
650,359,810,359,810,442,650,442
1320,372,1819,356,1822,440,1322,455
1162,381,1296,381,1296,446,1162,446
745,463,1127,463,1127,546,745,546
1205,472,1331,472,1331,546,1205,546
1673,476,1821,476,1821,546,1673,546
654,481,728,481,728,546,654,546
1144,485,1196,485,1196,546,1144,546
1347,494,1668,488,1670,549,1348,554
889,560,1241,566,1239,655,887,650
652,556,876,587,863,678,640,647
1253,568,1391,568,1391,654,1253,654
1400,576,1738,576,1738,654,1400,654
1756,594,1821,594,1821,667,1756,667
659,669,1210,676,1209,761,658,754
1452,676,1816,676,1816,758,1452,758
1361,676,1443,676,1443,758,1361,758
1218,698,1361,698,1361,780,1218,780
654,776,750,776,750,854,654,854
771,776,1201,776,1201,880,771,880
1222,776,1313,776,1313,858,1222,858
1326,776,1448,776,1448,858,1326,858
1458,776,1750,794,1744,892,1452,874
1751,797,1816,797,1816,875,1751,875
650,870,968,877,966,964,648,957
979,866,1241,898,1229,1004,966,972
1231,875,1326,875,1326,962,1231,962
1764,884,1821,884,1821,975,1764,975
1347,906,1712,896,1713,960,1348,970
1712,932,1747,932,1747,966,1712,966
433,984,607,984,607,1070,433,1070
633,984,732,984,732,1066,633,1066
1656,997,1821,997,1821,1079,1656,1079
1045,1000,1293,1006,1291,1070,1043,1065
60,1005,234,1005,234,1075,60,1075
763,1001,1027,1001,1027,1092,763,1092
1313,1010,1357,1010,1357,1062,1313,1062
1396,1010,1617,1010,1617,1088,1396,1088
260,1010,407,1010,407,1096,260,1096
1159,1079,1468,1099,1463,1180,1154,1161
1630,1081,1827,1090,1824,1169,1627,1161
607,1088,1062,1088,1062,1170,607,1170
1478,1092,1621,1092,1621,1166,1478,1166
40,1116,254,1080,269,1167,55,1204
273,1092,368,1092,368,1170,273,1170
385,1105,594,1105,594,1170,385,1170
1070,1110,1157,1110,1157,1166,1070,1166
758,1183,854,1183,854,1266,758,1266
871,1188,992,1188,992,1266,871,1266
1005,1167,1325,1199,1315,1297,995,1265
1331,1183,1660,1183,1660,1270,1331,1270
237,1190,654,1185,655,1270,238,1275
52,1192,229,1192,229,1274,52,1274
1673,1205,1821,1205,1821,1292,1673,1292
693,1214,754,1214,754,1287,693,1287
1053,1287,1296,1287,1296,1378,1053,1378
1375,1311,1698,1274,1709,1368,1385,1405
312,1292,576,1292,576,1374,312,1374
594,1296,711,1296,711,1374,594,1374
1721,1292,1821,1292,1821,1370,1721,1370
186,1296,307,1296,307,1374,186,1374
745,1309,1053,1309,1053,1374,745,1374
60,1322,169,1322,169,1396,60,1396
1309,1322,1374,1322,1374,1396,1309,1396
1533,1391,1811,1384,1814,1472,1535,1479
355,1391,637,1391,637,1474,355,1474
1053,1396,1227,1396,1227,1474,1053,1474
1227,1391,1322,1391,1322,1474,1227,1474
60,1396,342,1396,342,1500,60,1500
884,1413,1053,1413,1053,1495,884,1495
1326,1413,1530,1413,1530,1478,1326,1478
654,1417,732,1417,732,1474,654,1474
732,1413,875,1413,875,1500,732,1500
615,1491,693,1491,693,1573,615,1573
54,1506,606,1494,608,1597,56,1609
1238,1504,1547,1498,1549,1600,1240,1606
714,1517,1040,1512,1041,1596,716,1602
1057,1517,1227,1517,1227,1578,1057,1578
1565,1517,1725,1517,1725,1578,1565,1578
1738,1517,1812,1517,1812,1569,1738,1569
825,1622,1311,1596,1316,1690,830,1717
47,1621,252,1584,269,1679,64,1716
385,1599,806,1599,806,1699,385,1699
1331,1604,1482,1604,1482,1682,1331,1682
1541,1626,1720,1619,1723,1703,1544,1709
1738,1621,1821,1621,1821,1678,1738,1678
307,1625,368,1625,368,1704,307,1704
188,1723,484,1682,498,1784,202,1825
507,1704,585,1704,585,1782,507,1782
598,1704,893,1704,893,1782,598,1782
1115,1707,1519,1690,1523,1790,1119,1807
1669,1699,1812,1699,1812,1782,1669,1782
60,1721,190,1721,190,1786,60,1786
984,1721,1110,1721,1110,1782,984,1782
1515,1722,1668,1715,1672,1803,1519,1810
893,1725,953,1725,953,1803,893,1803
1059,1795,1295,1806,1290,1913,1054,1902
52,1803,316,1803,316,1912,52,1912
463,1803,650,1803,650,1886,463,1886
676,1803,763,1803,763,1886,676,1886
1721,1803,1816,1803,1816,1886,1721,1886
940,1812,1044,1812,1044,1886,940,1886
351,1825,446,1825,446,1886,351,1886
776,1821,919,1821,919,1907,776,1907
1400,1825,1695,1825,1695,1890,1400,1890
1313,1834,1370,1834,1370,1907,1313,1907
754,1899,893,1899,893,1985,754,1985
906,1897,1181,1906,1178,2013,903,2004
381,1903,646,1903,646,1985,381,1985
1270,1907,1622,1913,1621,1995,1269,1989
60,1907,377,1907,377,1990,60,1990
676,1912,741,1912,741,1985,676,1985
1188,1907,1270,1907,1270,1985,1188,1985
1691,1929,1816,1929,1816,1990,1691,1990
1621,1933,1686,1933,1686,2011,1621,2011
268,2003,546,2003,546,2089,268,2089
725,2008,969,2000,972,2085,728,2094
979,2003,1123,2003,1123,2085,979,2085
56,2007,268,2007,268,2094,56,2094
1140,2011,1253,2011,1253,2085,1140,2085
1253,2007,1435,2007,1435,2089,1253,2089
556,2031,727,2023,731,2106,560,2115
1439,2029,1591,2029,1591,2094,1439,2094
1599,2033,1816,2033,1816,2115,1599,2115
56,2107,164,2107,164,2193,56,2193
572,2107,719,2107,719,2193,572,2193
714,2110,1161,2103,1163,2209,715,2216
1495,2107,1738,2107,1738,2193,1495,2193
169,2111,515,2111,515,2198,169,2198
1175,2111,1287,2111,1287,2193,1175,2193
1292,2111,1491,2111,1491,2193,1292,2193
511,2128,572,2128,572,2215,511,2215
1751,2141,1812,2141,1812,2215,1751,2215
63,2217,411,2210,413,2297,65,2304
424,2211,520,2211,520,2293,424,2293
1315,2238,1702,2216,1707,2304,1320,2327
1717,2224,1808,2224,1808,2293,1717,2293
528,2233,797,2233,797,2293,528,2293
828,2233,1114,2233,1114,2293,828,2293
1166,2241,1309,2241,1309,2319,1166,2319
1123,2263,1149,2263,1149,2293,1123,2293
62,2321,306,2311,309,2397,65,2407
312,2315,394,2315,394,2397,312,2397
411,2315,810,2315,810,2397,411,2397
819,2315,1018,2315,1018,2397,819,2397
1118,2319,1253,2319,1253,2397,1118,2397
1390,2324,1815,2315,1817,2396,1392,2405
1313,2324,1378,2324,1378,2397,1313,2397
1057,2341,1101,2341,1101,2393,1057,2393
1136,2406,1537,2421,1534,2512,1133,2497
329,2415,476,2415,476,2501,329,2501
485,2419,849,2419,849,2523,485,2523
862,2419,958,2419,958,2501,862,2501
984,2423,1131,2423,1131,2497,984,2497
74,2420,324,2437,317,2536,67,2519
1534,2441,1816,2441,1816,2527,1534,2527
65,2519,225,2519,225,2605,65,2605
1201,2519,1465,2519,1465,2605,1201,2605
515,2527,845,2527,845,2601,515,2601
1465,2523,1569,2523,1569,2605,1465,2605
238,2527,372,2527,372,2605,238,2605
390,2540,507,2540,507,2601,390,2601
856,2546,1033,2528,1042,2613,864,2631
1040,2536,1188,2536,1188,2623,1040,2623
1579,2550,1815,2539,1819,2618,1583,2629
763,2616,1073,2625,1070,2715,761,2706
1175,2618,1296,2618,1296,2709,1175,2709
65,2623,299,2623,299,2714,65,2714
294,2623,546,2623,546,2709,294,2709
559,2623,754,2623,754,2709,559,2709
1083,2623,1179,2623,1179,2705,1083,2705
1383,2640,1660,2640,1660,2705,1383,2705
1305,2649,1365,2649,1365,2727,1305,2727
1673,2649,1808,2649,1808,2701,1673,2701
1691,2753,1725,2753,1725,2770,1691,2770
1769,2757,1803,2757,1803,2770,1769,2770
