9870,708,10211,708,10211,1102,9870,1102
4572,933,5427,981,5405,1373,4550,1326
2677,971,2966,971,2966,1286,2677,1286
3018,971,4567,971,4567,1338,3018,1338
5433,997,6247,997,6247,1365,5433,1365
7335,1061,8725,922,8768,1346,7377,1485
6273,1023,7428,1023,7428,1470,6273,1470
9302,1034,10258,1098,10236,1438,9279,1374
8793,1076,9292,1076,9292,1470,8793,1470
3071,1391,3675,1391,3675,1785,3071,1785
3665,1425,5064,1380,5078,1821,3679,1866
2703,1417,3071,1417,3071,1706,2703,1706
5040,1417,5958,1417,5958,1863,5040,1863
5880,1443,6273,1443,6273,1811,5880,1811
7271,1443,8373,1443,8373,1916,7271,1916
8958,1418,10235,1512,10210,1847,8934,1753
10395,1470,11523,1470,11523,1706,10395,1706
6273,1470,6772,1470,6772,1785,6273,1785
6877,1470,7245,1470,7245,1785,6877,1785
8426,1496,8951,1496,8951,1890,8426,1890
10422,1714,11755,1580,11784,1874,10451,2007
2703,1811,3123,1811,3123,2178,2703,2178
3123,1837,4462,1837,4462,2205,3123,2205
4510,1761,6149,1996,6090,2415,4450,2180
8977,1863,9292,1863,9292,2205,8977,2205
9266,1863,9607,1863,9607,2231,9266,2231
7927,1916,8846,1916,8846,2205,7927,2205
9581,1942,10237,1942,10237,2310,9581,2310
6142,1968,6483,1968,6483,2231,6142,2231
6536,1968,7271,1968,7271,2231,6536,2231
7271,1968,7901,1968,7901,2283,7271,2283
2703,2257,3438,2257,3438,2625,2703,2625
3785,2228,5158,2283,5143,2672,3769,2617
3465,2283,3753,2283,3753,2598,3465,2598
8292,2374,10245,2217,10282,2673,8329,2830
5197,2310,6168,2310,6168,2651,5197,2651
6772,2310,8163,2310,8163,2677,6772,2677
6405,2336,6746,2336,6746,2677,6405,2677
6195,2415,6352,2415,6352,2651,6195,2651
3743,2766,4653,2665,4695,3045,3785,3146
4702,2685,6232,2738,6219,3121,4688,3069
6243,2757,8294,2725,8301,3194,6250,3226
8648,2759,9418,2722,9433,3042,8664,3078
2703,2756,3780,2756,3780,3123,2703,3123
9397,2756,10290,2756,10290,3176,9397,3176
8268,2782,8610,2782,8610,3071,8268,3071
3123,3097,3517,3097,3517,3517,3123,3517
3596,3123,4725,3123,4725,3491,3596,3491
8688,3123,9948,3123,9948,3517,8688,3517
4702,3138,7226,3203,7214,3649,4690,3584
9922,3150,10316,3150,10316,3517,9922,3517
7244,3176,8636,3176,8636,3491,7244,3491
2703,3202,3097,3202,3097,3438,2703,3438
2703,3543,3255,3543,3255,3885,2703,3885
3333,3570,4856,3570,4856,3990,3333,3990
8032,3570,8951,3570,8951,3990,8032,3990
4882,3596,6326,3596,6326,3990,4882,3990
7323,3596,8085,3596,8085,3937,7323,3937
9660,3596,10263,3596,10263,3937,9660,3937
6326,3648,7245,3648,7245,3911,6326,3911
8951,3648,9633,3648,9633,3911,8951,3911
2703,3963,3386,3963,3386,4331,2703,4331
3389,3940,7669,4011,7662,4439,3382,4368
7615,3970,8935,4008,8924,4369,7604,4330
8898,4016,10211,4016,10211,4331,8898,4331
3471,4361,4768,4426,4746,4866,3449,4801
6300,4410,6772,4410,6772,4777,6300,4777
7980,4410,9555,4410,9555,4751,7980,4751
9528,4410,10290,4410,10290,4725,9528,4725
7323,4436,8006,4436,8006,4830,7323,4830
6142,4488,6326,4488,6326,4751,6142,4751
2703,4488,3491,4488,3491,4725,2703,4725
4725,4488,5197,4488,5197,4751,4725,4751
6825,4488,7350,4488,7350,4777,6825,4777
5223,4515,5958,4515,5958,4751,5223,4751
5958,4541,6116,4541,6116,4777,5958,4777
2711,4845,3451,4788,3477,5117,2736,5174
3438,4830,3937,4830,3937,5171,3438,5171
3937,4830,5565,4830,5565,5276,3937,5276
5906,4830,6982,4830,6982,5197,5906,5197
8116,4821,9641,4864,9628,5291,8103,5248
5617,4856,5932,4856,5932,5171,5617,5171
7822,4882,8111,4882,8111,5145,7822,5145
9607,4882,10263,4882,10263,5145,9607,5145
6956,4908,7691,4908,7691,5145,6956,5145
7691,4961,7848,4961,7848,5145,7691,5145
2703,5223,3963,5223,3963,5643,2703,5643
3911,5223,5250,5223,5250,5565,3911,5565
9607,5223,10290,5223,10290,5512,9607,5512
5250,5250,5853,5250,5853,5591,5250,5591
5853,5250,6720,5250,6720,5696,5853,5696
8373,5276,9502,5276,9502,5565,8373,5565
8006,5302,8373,5302,8373,5565,8006,5565
6667,5328,8006,5328,8006,5643,6667,5643
3911,5670,4068,5670,4068,5958,3911,5958
7167,5705,8459,5588,8497,6007,7205,6124
9345,5643,10342,5643,10342,6011,9345,6011
5591,5665,6571,5697,6561,6016,5581,5984
6641,5670,7218,5670,7218,5985,6641,5985
8400,5670,9318,5670,9318,6011,8400,6011
3097,5696,3465,5696,3465,5985,3097,5985
4121,5722,4908,5722,4908,5985,4121,5985
4987,5722,5565,5722,5565,5985,4987,5985
9034,6095,10364,6000,10392,6395,9062,6490
10806,6090,11572,6039,11584,6206,10817,6257
2730,6063,3255,6063,3255,6431,2730,6431
3307,6063,4173,6063,4173,6431,3307,6431
4238,5976,6603,6129,6574,6581,4209,6428
7717,6063,8111,6063,8111,6405,7717,6405
8138,6051,9066,6085,9053,6438,8125,6404
7113,6090,7717,6090,7717,6483,7113,6483
6562,6142,7166,6142,7166,6405,6562,6405
8216,6457,10290,6457,10290,6903,8216,6903
4219,6569,5496,6422,5544,6841,4268,6988
5621,6479,7539,6535,7530,6870,5611,6814
7586,6483,8216,6483,8216,6798,7586,6798
3291,6495,4269,6565,4238,6998,3260,6928
2730,6562,3281,6562,3281,6825,2730,6825
6510,6877,7691,6877,7691,7245,6510,7245
8400,6877,10211,6877,10211,7323,8400,7323
2764,6879,4004,6935,3983,7393,2743,7337
4462,6903,5355,6903,5355,7245,4462,7245
5407,6903,6168,6903,6168,7245,5407,7245
7717,6903,8452,6903,8452,7218,7717,7218
6142,6930,6483,6930,6483,7218,6142,7218
3937,6982,4410,6982,4410,7245,3937,7245
6572,7325,7842,7259,7862,7644,6592,7711
8688,7297,10158,7297,10158,7743,8688,7743
2730,7323,3648,7323,3648,7717,2730,7717
3990,7323,4488,7323,4488,7638,3990,7638
4593,7323,5853,7323,5853,7638,4593,7638
8295,7323,8636,7323,8636,7612,8295,7612
3596,7350,3963,7350,3963,7665,3596,7665
5880,7376,6536,7376,6536,7638,5880,7638
7796,7376,8190,7376,8190,7638,7796,7638
8137,7691,9765,7691,9765,8137,8137,8137
5853,7717,6851,7717,6851,8163,5853,8163
6851,7717,7061,7717,7061,8032,6851,8032
7140,7717,8085,7717,8085,8111,7140,8111
4463,7729,5893,7805,5877,8102,4447,8027
9791,7743,10132,7743,10132,8032,9791,8032
3004,7842,3591,7744,3658,8144,3071,8242
4305,7822,4488,7822,4488,8058,4305,8058
2756,7822,2992,7822,2992,8163,2756,8163
3622,7822,4226,7822,4226,8058,3622,8058
6431,8085,7980,8085,7980,8505,6431,8505
5092,8111,5880,8111,5880,8478,5092,8478
7980,8111,8347,8111,8347,8452,7980,8452
8321,8111,10185,8111,10185,8452,8321,8452
4260,8172,5085,8113,5108,8436,4283,8495
2782,8190,2992,8190,2992,8478,2782,8478
2966,8163,4305,8163,4305,8478,2966,8478
5932,8190,6378,8190,6378,8531,5932,8531
6641,8505,8295,8505,8295,8846,6641,8846
4425,8545,5429,8509,5442,8870,4438,8906
5407,8531,5801,8531,5801,8925,5407,8925
5816,8615,6585,8505,6638,8880,5870,8990
8753,8614,10131,8518,10157,8890,8779,8986
2782,8557,3806,8557,3806,8925,2782,8925
3753,8557,3990,8557,3990,8872,3753,8872
4016,8610,4383,8610,4383,8872,4016,8872
8347,8610,8688,8610,8688,8846,8347,8846
5355,8895,6227,9004,6179,9389,5307,9279
7533,8925,8452,8925,8452,9266,7533,9266
2774,8979,4120,8946,4129,9328,2784,9360
6195,8951,6562,8951,6562,9292,6195,9292
6510,8951,7481,8951,7481,9345,6510,9345
8361,8998,10146,8893,10167,9265,8382,9370
4830,8977,5355,8977,5355,9266,4830,9266
4042,9030,4830,9030,4830,9292,4042,9292
5530,9361,6584,9330,6594,9659,5540,9690
4383,9371,5433,9371,5433,9686,4383,9686
3255,9397,4200,9397,4200,9712,3255,9712
6641,9397,7297,9397,7297,9660,6641,9660
7245,9397,7533,9397,7533,9686,7245,9686
7586,9423,8163,9423,8163,9738,7586,9738
8137,9423,8400,9423,8400,9712,8137,9712
8426,9423,9187,9423,9187,9686,8426,9686
9581,9423,10185,9423,10185,9686,9581,9686
9161,9450,9607,9450,9607,9738,9161,9738
2808,9528,3228,9528,3228,9738,2808,9738
5793,9778,7795,9732,7806,10187,5804,10234
3963,9765,4935,9765,4935,10106,3963,10106
7822,9765,8163,9765,8163,10106,7822,10106
8190,9765,9108,9765,9108,10211,8190,10211
2782,9817,3491,9817,3491,10237,2782,10237
4961,9817,5853,9817,5853,10080,4961,10080
9135,9817,10211,9817,10211,10211,9135,10211
3465,9870,3963,9870,3963,10211,3465,10211
2756,10237,4173,10237,4173,10657,2756,10657
6221,10552,7796,10552,7796,10946,6221,10946
8111,10552,8846,10552,8846,10946,8111,10946
7770,10578,8058,10578,8058,10920,7770,10920
8846,10578,9292,10578,9292,10946,8846,10946
9347,10570,10277,10608,10262,10984,9331,10945
4777,10605,5145,10605,5145,10972,4777,10972
3858,10631,4383,10631,4383,10972,3858,10972
5197,10657,6142,10657,6142,10946,5197,10946
4410,10683,4725,10683,4725,10946,4410,10946
3150,10710,3517,10710,3517,10998,3150,10998
6720,10998,7875,10998,7875,11366,6720,11366
7907,10922,10253,11040,10231,11481,7885,11364
3968,11062,5450,10965,5478,11387,3996,11484
6011,11025,6720,11025,6720,11366,6011,11366
2716,11086,3725,11042,3744,11476,2735,11520
3675,11077,3990,11077,3990,11392,3675,11392
5433,11077,5985,11077,5985,11445,5433,11445
11392,11208,11970,11208,11970,11445,11392,11445
4455,11444,6533,11404,6540,11754,4462,11794
9019,11481,10189,11351,10230,11725,9061,11855
2714,11488,4533,11421,4550,11885,2731,11951
7323,11497,7507,11497,7507,11760,7323,11760
7980,11471,9082,11471,9082,11760,7980,11760
6588,11523,6720,11523,6720,11733,6588,11733
6615,11471,7796,11471,7796,12180,6615,12180
7481,11497,7927,11497,7927,11760,7481,11760
10465,11814,11075,11780,11085,11959,10475,11993
7743,11812,8111,11812,8111,12180,7743,12180
9487,11836,10255,11796,10276,12176,9507,12217
8163,11838,8531,11838,8531,12153,8163,12153
8557,11838,9502,11838,9502,12153,8557,12153
4987,11865,5355,11865,5355,12206,4987,12206
5369,11918,6588,11875,6602,12286,5383,12329
3727,11917,4042,11917,4042,12206,3727,12206
2716,11997,3410,11956,3426,12228,2732,12269
3386,11970,3675,11970,3675,12232,3386,12232
4095,11970,4935,11970,4935,12285,4095,12285
10893,12075,11550,12075,11550,12285,10893,12285
5927,12260,7769,12229,7775,12604,5933,12635
7848,12232,8741,12232,8741,12600,7848,12600
8688,12258,9555,12258,9555,12678,8688,12678
4200,12285,5145,12285,5145,12600,4200,12600
5197,12285,5538,12285,5538,12626,5197,12626
5565,12285,5932,12285,5932,12573,5565,12573
2692,12363,4183,12221,4225,12658,2734,12800
10893,12363,11733,12363,11733,12600,10893,12600
9686,12363,10132,12363,10132,12678,9686,12678
6063,12678,6378,12678,6378,13020,6063,13020
7665,12678,8111,12678,8111,13046,7665,13046
8559,12657,10322,12695,10313,13083,8550,13044
3141,12768,5902,12689,5914,13084,3152,13163
6431,12731,7350,12731,7350,13020,6431,13020
8111,12731,8478,12731,8478,13020,8111,13020
2756,12783,3150,12783,3150,13098,2756,13098
5252,13177,6477,13075,6509,13461,5284,13564
7691,13098,9135,13098,9135,13492,7691,13492
9213,13125,9791,13125,9791,13492,9213,13492
9791,13125,10290,13125,10290,13466,9791,13466
3097,13151,4620,13151,4620,13545,3097,13545
2756,13177,3150,13177,3150,13545,2756,13545
4646,13177,5223,13177,5223,13466,4646,13466
6536,13177,7612,13177,7612,13440,6536,13440
6142,13518,7192,13518,7192,13912,6142,13912
4698,13545,5801,13545,5801,13912,4698,13912
5827,13545,6090,13545,6090,13860,5827,13860
3767,13661,4708,13517,4767,13897,3826,14042
8404,13629,9834,13526,9865,13959,8435,14061
9817,13571,10316,13571,10316,13912,9817,13912
2736,13609,3868,13656,3854,13996,2721,13949
7402,13623,8452,13623,8452,14017,7402,14017
4725,13965,6588,13965,6588,14437,4725,14437
6536,13965,7035,13965,7035,14332,6536,14332
7024,14007,8946,13945,8960,14367,7038,14429
8951,13991,10342,13991,10342,14437,8951,14437
3675,14017,4751,14017,4751,14358,3675,14358
2730,14096,3281,14096,3281,14358,2730,14358
3255,14096,3675,14096,3675,14358,3255,14358
3897,14430,4770,14394,4786,14778,3913,14814
6037,14411,6431,14411,6431,14778,6037,14778
7011,14477,8123,14392,8153,14777,7041,14863
2676,14470,3875,14395,3903,14844,2704,14919
4777,14437,5145,14437,5145,14805,4777,14805
8137,14437,8977,14437,8977,14778,8137,14778
8951,14437,9345,14437,9345,14805,8951,14805
9354,14466,10336,14425,10355,14888,9374,14929
6378,14463,7008,14463,7008,14857,6378,14857
5118,14490,5748,14490,5748,14883,5118,14883
5722,14542,5906,14542,5906,14752,5722,14752
3333,14857,4646,14857,4646,15251,3333,15251
5775,14857,6588,14857,6588,15251,5775,15251
6562,14831,7166,14831,7166,15330,6562,15330
8006,14857,8400,14857,8400,15225,8006,15225
4672,14883,5748,14883,5748,15303,4672,15303
7140,14883,7980,14883,7980,15225,7140,15225
9003,14883,9791,14883,9791,15225,9003,15225
9843,14883,10316,14883,10316,15251,9843,15251
8478,14936,9030,14936,9030,15198,8478,15198
2730,14962,3255,14962,3255,15225,2730,15225
2966,15303,3360,15303,3360,15697,2966,15697
3810,15260,5893,15355,5870,15848,3788,15753
5853,15330,7481,15330,7481,15776,5853,15776
8846,15330,10001,15330,10001,15776,8846,15776
10027,15330,10395,15330,10395,15697,10027,15697
7481,15356,8610,15356,8610,15671,7481,15671
3360,15408,3727,15408,3727,15671,3360,15671
2703,15435,2992,15435,2992,15723,2703,15723
9765,15776,10421,15776,10421,16222,9765,16222
